Interijer = 9
UlazX = 743.102661
UlazY = -495.835632
UlazZ = 18.012922
IzlazX = 2196.790039
IzlazY = -1204.349975
IzlazZ = 1048.050048
ImaVlasnika = 0
Vrijednost = 100000
Novac = 0
Droga = 0
Oruzje = -1
Metaka = 0
Vrsta = 3
Vlasnik = Nema
InterijerID = 6
VW = 2
Zakljucana = 0
