UlazX = 681.596984
UlazY = -473.506134
UlazZ = 16.536296
IzlazX = 493.390014
IzlazY = -24.920000
IzlazZ = 999.690002
ImaVlasnika = 1
Vrijednost = 150000
Zarada = 0
Vlasnik = Antonio_Pavlis
InterijerID = 17
Vrsta = Caffe Bar
Zatvorena = 0
VW = 0
