UlazX = 672.680236
UlazY = -506.092834
UlazZ = 16.335937
IzlazX = 286.149993
IzlazY = -41.540000
IzlazZ = 1000.570007
ImaVlasnika = 0
Vrijednost = 80000
Zarada = 0
Vlasnik = Nema
InterijerID = 1
Vrsta = Gun shop
Zatvorena = 0
VW = 0
