UlazX = 661.000427
UlazY = -572.905944
UlazZ = 16.335937
IzlazX = 663.002624
IzlazY = -573.410644
IzlazZ = 16.100000
ImaVlasnika = 0
Vrijednost = 100000
Zarada = 96
Vlasnik = Nema
InterijerID = 0
Vrsta = Benzinska postaja
Zatvorena = 0
VW = 0
