UlazX = 701.967163
UlazY = -671.861328
UlazZ = 16.437244
IzlazX = 372.350006
IzlazY = -133.550003
IzlazZ = 1000.450012
ImaVlasnika = 0
Vrijednost = 50000
Zarada = 0
Vlasnik = Nema
InterijerID = 5
Vrsta = Pizzeria
Zatvorena = 0
VW = 5
