UlazX = 671.599792
UlazY = -519.574768
UlazZ = 16.335937
IzlazX = -30.950000
IzlazY = -91.709999
IzlazZ = 1002.549987
ImaVlasnika = 0
Vrijednost = 70000
Zarada = 0
Vlasnik = Nema
InterijerID = 18
Vrsta = Market
Zatvorena = 0
VW = 0
