UlazX = 649.220092
UlazY = -520.567626
UlazZ = 16.335937
IzlazX = -30.950000
IzlazY = -91.709999
IzlazZ = 1002.549987
ImaVlasnika = 1
Vrijednost = 70000
Zarada = 0
Vlasnik = Antonio_Pavlis
InterijerID = 18
Vrsta = Market
Zatvorena = 0
VW = 0
