Model = 586
PozX = 727.422912
PozY = -500.891784
PozZ = 16.335937
Angle = 347.129852
PocetniPozX = 727.422912
PocetniPozY = -500.891784
PocetniPozZ = 16.335937
PocetniAngle = 347.129852
Boja1 = 194
Boja2 = 1
ImaVlasnika = 1
Zakljucan = 0
ID = -1
Cijena = 30000
Vlasnik = Antonio_Pavlis
