Interijer = 3
UlazX = 701.795959
UlazY = -519.840637
UlazZ = 16.334846
IzlazX = 2308.790039
IzlazY = -1212.880004
IzlazZ = 1048.030029
ImaVlasnika = 1
Vrijednost = 20000
Novac = 0
Vlasnik = Antonio_Pavlis
InterijerID = 6
VW = 1
Zakljucan = 1
