Interijer = 1
UlazX = 691.041687
UlazY = -506.361724
UlazZ = 16.335937
IzlazX = 2217.540039
IzlazY = -1076.290039
IzlazZ = 1049.520019
ImaVlasnika = 0
Vrijednost = 20000
Novac = 0
Vlasnik = Nema
InterijerID = 1
VW = 2
Zakljucan = 0
