Model = 491
PozX = 581.436706
PozY = -617.008056
PozZ = 24.260908
Angle = 73.383972
PocetniPozX = 581.436706
PocetniPozY = -617.008056
PocetniPozZ = 24.260908
PocetniAngle = 73.383972
Boja1 = 194
Boja2 = 1
ImaVlasnika = 0
Zakljucan = 0
ID = 32
Cijena = 45000
ProsaoNaTehnickom = 0
Vlasnik = Nema
Oruzje = -1
Metci = 0
Droga = 0
Registriran = 0
