Model = 491
PozX = 570.436706
PozY = -630.008056
PozZ = 26.260908
Angle = 73.383972
PocetniPozX = 581.436706
PocetniPozY = -617.008056
PocetniPozZ = 24.260908
PocetniAngle = 73.383972
Boja1 = 194
Boja2 = 1
ImaVlasnika = 1
Zakljucan = 1
ID = 32
Cijena = 45000
ProsaoNaTehnickom = 0
Vlasnik = Mihael_Swat
Oruzje = -1
Metci = 0
Droga = 0
Registriran = 0
